 #  Simulation   Avg. radius    Gr. density      Number of   Liquid        Phase 1
 #   time [s]   [micrometer]  [micrometer**(-2)]  grains     present?     n.  avg. r.
 # NB: the radii are calculated from the average fractions
   0.0000       11.680          2.33333E-03       210      No-Liquid    210  11.67983
  1.28363E-02   11.680          2.33333E-03       210      No-Liquid    210  11.67983
  0.29454       11.708          2.32222E-03       209      No-Liquid    209  11.70774
  0.78648       11.736          2.31111E-03       208      No-Liquid    208  11.73585
  0.91324       11.764          2.30000E-03       207      No-Liquid    207  11.76417
   1.0322       11.793          2.28889E-03       206      No-Liquid    206  11.79269
   1.3682       11.821          2.27778E-03       205      No-Liquid    205  11.82141
   1.6605       11.850          2.26667E-03       204      No-Liquid    204  11.85035
   1.9621       11.880          2.25556E-03       203      No-Liquid    203  11.87950
   2.0744       11.909          2.24444E-03       202      No-Liquid    202  11.90887
   2.1494       11.938          2.23333E-03       201      No-Liquid    201  11.93846
   2.4897       11.998          2.21111E-03       199      No-Liquid    199  11.99830
   2.5452       12.029          2.20000E-03       198      No-Liquid    198  12.02856
   2.5624       12.059          2.18889E-03       197      No-Liquid    197  12.05905
   2.6590       12.090          2.17778E-03       196      No-Liquid    196  12.08978
   2.7060       12.121          2.16667E-03       195      No-Liquid    195  12.12074
   2.7659       12.152          2.15556E-03       194      No-Liquid    194  12.15194
   2.8416       12.183          2.14444E-03       193      No-Liquid    193  12.18338
   2.9802       12.215          2.13333E-03       192      No-Liquid    192  12.21506
   3.0725       12.247          2.12222E-03       191      No-Liquid    191  12.24700
   3.0803       12.279          2.11111E-03       190      No-Liquid    190  12.27918
   3.2108       12.312          2.10000E-03       189      No-Liquid    189  12.31163
   3.8724       12.344          2.08889E-03       188      No-Liquid    188  12.34433
   4.1980       12.377          2.07778E-03       187      No-Liquid    187  12.37729
   4.2851       12.411          2.06667E-03       186      No-Liquid    186  12.41052
   4.3132       12.444          2.05556E-03       185      No-Liquid    185  12.44401
   4.3230       12.478          2.04444E-03       184      No-Liquid    184  12.47778
   4.4551       12.512          2.03333E-03       183      No-Liquid    183  12.51183
   4.7630       12.546          2.02222E-03       182      No-Liquid    182  12.54615
   4.8717       12.581          2.01111E-03       181      No-Liquid    181  12.58076
   5.0453       12.616          2.00000E-03       180      No-Liquid    180  12.61566
   5.1176       12.651          1.98889E-03       179      No-Liquid    179  12.65085
   5.1921       12.686          1.97778E-03       178      No-Liquid    178  12.68634
   5.4230       12.722          1.96667E-03       177      No-Liquid    177  12.72213
   5.5604       12.758          1.95556E-03       176      No-Liquid    176  12.75822
   5.7546       12.795          1.94444E-03       175      No-Liquid    175  12.79462
   6.0005       12.831          1.93333E-03       174      No-Liquid    174  12.83133
   6.2590       12.868          1.92222E-03       173      No-Liquid    173  12.86836
   6.2675       12.906          1.91111E-03       172      No-Liquid    172  12.90572
   6.2747       12.943          1.90000E-03       171      No-Liquid    171  12.94340
   6.7784       12.981          1.88889E-03       170      No-Liquid    170  12.98141
   6.9323       13.058          1.86667E-03       168      No-Liquid    168  13.05845
   6.9998       13.097          1.85556E-03       167      No-Liquid    167  13.09749
   7.0424       13.137          1.84444E-03       166      No-Liquid    166  13.13688
   7.1384       13.177          1.83333E-03       165      No-Liquid    165  13.17663
   7.1637       13.217          1.82222E-03       164      No-Liquid    164  13.21674
   7.3849       13.257          1.81111E-03       163      No-Liquid    163  13.25722
   7.4030       13.298          1.80000E-03       162      No-Liquid    162  13.29808
   7.5439       13.339          1.78889E-03       161      No-Liquid    161  13.33931
   7.6956       13.381          1.77778E-03       160      No-Liquid    160  13.38093
   7.7136       13.423          1.76667E-03       159      No-Liquid    159  13.42294
   7.7843       13.465          1.75556E-03       158      No-Liquid    158  13.46535
   8.0767       13.508          1.74444E-03       157      No-Liquid    157  13.50817
   8.3256       13.551          1.73333E-03       156      No-Liquid    156  13.55140
   8.3455       13.595          1.72222E-03       155      No-Liquid    155  13.59504
   8.7064       13.639          1.71111E-03       154      No-Liquid    154  13.63911
   8.7527       13.684          1.70000E-03       153      No-Liquid    153  13.68361
   8.9772       13.729          1.68889E-03       152      No-Liquid    152  13.72855
   9.0984       13.774          1.67778E-03       151      No-Liquid    151  13.77393
   9.2023       13.820          1.66667E-03       150      No-Liquid    150  13.81977
   9.2093       13.866          1.65556E-03       149      No-Liquid    149  13.86606
   9.2825       13.913          1.64444E-03       148      No-Liquid    148  13.91283
   9.4893       13.960          1.63333E-03       147      No-Liquid    147  13.96007
   9.5152       14.008          1.62222E-03       146      No-Liquid    146  14.00780
   9.7563       14.056          1.61111E-03       145      No-Liquid    145  14.05602
   9.8514       14.105          1.60000E-03       144      No-Liquid    144  14.10474
   10.319       14.154          1.58889E-03       143      No-Liquid    143  14.15397
   10.617       14.204          1.57778E-03       142      No-Liquid    142  14.20372
   10.711       14.254          1.56667E-03       141      No-Liquid    141  14.25400
   10.827       14.305          1.55556E-03       140      No-Liquid    140  14.30482
   10.875       14.408          1.53333E-03       138      No-Liquid    138  14.40810
   10.886       14.461          1.52222E-03       137      No-Liquid    137  14.46059
   10.926       14.514          1.51111E-03       136      No-Liquid    136  14.51366
   11.060       14.567          1.50000E-03       135      No-Liquid    135  14.56731
   11.176       14.622          1.48889E-03       134      No-Liquid    134  14.62157
   11.998       14.676          1.47778E-03       133      No-Liquid    133  14.67643
   12.722       14.732          1.46667E-03       132      No-Liquid    132  14.73192
   12.760       14.788          1.45556E-03       131      No-Liquid    131  14.78804
   12.831       14.845          1.44444E-03       130      No-Liquid    130  14.84481
   13.157       14.902          1.43333E-03       129      No-Liquid    129  14.90224
   13.453       14.960          1.42222E-03       128      No-Liquid    128  14.96034
   13.477       15.019          1.41111E-03       127      No-Liquid    127  15.01912
   13.576       15.079          1.40000E-03       126      No-Liquid    126  15.07860
   13.943       15.139          1.38889E-03       125      No-Liquid    125  15.13880
   14.498       15.200          1.37778E-03       124      No-Liquid    124  15.19972
   14.551       15.324          1.35556E-03       122      No-Liquid    122  15.32380
   14.688       15.387          1.34444E-03       121      No-Liquid    121  15.38699
   14.731       15.451          1.33333E-03       120      No-Liquid    120  15.45097
   14.864       15.516          1.32222E-03       119      No-Liquid    119  15.51575
   14.924       15.581          1.31111E-03       118      No-Liquid    118  15.58136
   15.153       15.648          1.30000E-03       117      No-Liquid    117  15.64780
   15.468       15.715          1.28889E-03       116      No-Liquid    116  15.71511
   15.611       15.783          1.27778E-03       115      No-Liquid    115  15.78328
   16.146       15.852          1.26667E-03       114      No-Liquid    114  15.85236
   16.350       15.922          1.25556E-03       113      No-Liquid    113  15.92235
   16.622       15.993          1.24444E-03       112      No-Liquid    112  15.99327
   17.150       16.065          1.23333E-03       111      No-Liquid    111  16.06515
   17.756       16.138          1.22222E-03       110      No-Liquid    110  16.13801
   17.803       16.212          1.21111E-03       109      No-Liquid    109  16.21187
   17.909       16.287          1.20000E-03       108      No-Liquid    108  16.28675
   18.222       16.363          1.18889E-03       107      No-Liquid    107  16.36268
   18.688       16.440          1.17778E-03       106      No-Liquid    106  16.43968
   19.015       16.518          1.16667E-03       105      No-Liquid    105  16.51778
   19.082       16.597          1.15556E-03       104      No-Liquid    104  16.59700
   19.101       16.677          1.14444E-03       103      No-Liquid    103  16.67738
   19.192       16.759          1.13333E-03       102      No-Liquid    102  16.75893
   19.224       16.842          1.12222E-03       101      No-Liquid    101  16.84169
   19.614       16.926          1.11111E-03       100      No-Liquid    100  16.92569
   20.780       17.011          1.10000E-03        99      No-Liquid     99  17.01096
   20.932       17.098          1.08889E-03        98      No-Liquid     98  17.09753
   20.936       17.185          1.07778E-03        97      No-Liquid     97  17.18543
   21.086       17.275          1.06667E-03        96      No-Liquid     96  17.27471
   21.668       17.365          1.05556E-03        95      No-Liquid     95  17.36539
   22.104       17.458          1.04444E-03        94      No-Liquid     94  17.45751
   23.120       17.551          1.03333E-03        93      No-Liquid     93  17.55112
   23.363       17.646          1.02222E-03        92      No-Liquid     92  17.64625
   23.434       17.743          1.01111E-03        91      No-Liquid     91  17.74294
   23.720       17.841          1.00000E-03        90      No-Liquid     90  17.84124
   23.841       17.941          9.88889E-04        89      No-Liquid     89  17.94119
   23.896       18.043          9.77778E-04        88      No-Liquid     88  18.04284
   24.830       18.146          9.66667E-04        87      No-Liquid     87  18.14624
   25.036       18.251          9.55556E-04        86      No-Liquid     86  18.25144
   25.414       18.358          9.44444E-04        85      No-Liquid     85  18.35849
   25.825       18.467          9.33333E-04        84      No-Liquid     84  18.46744
   26.232       18.578          9.22222E-04        83      No-Liquid     83  18.57836
   27.093       18.691          9.11111E-04        82      No-Liquid     82  18.69130
   27.268       18.806          9.00000E-04        81      No-Liquid     81  18.80632
   28.243       18.923          8.88889E-04        80      No-Liquid     80  18.92349
   28.656       19.043          8.77778E-04        79      No-Liquid     79  19.04289
   28.885       19.289          8.55556E-04        77      No-Liquid     77  19.28861
   28.906       19.415          8.44444E-04        76      No-Liquid     76  19.41510
   29.254       19.544          8.33333E-04        75      No-Liquid     75  19.54410
   29.384       19.676          8.22222E-04        74      No-Liquid     74  19.67571
   29.682       19.810          8.11111E-04        73      No-Liquid     73  19.81002
   30.186       19.947          8.00000E-04        72      No-Liquid     72  19.94711
   30.315       20.087          7.88889E-04        71      No-Liquid     71  20.08710
   30.443       20.230          7.77778E-04        70      No-Liquid     70  20.23007
   33.048       20.376          7.66667E-04        69      No-Liquid     69  20.37613
   33.070       20.525          7.55556E-04        68      No-Liquid     68  20.52541
   33.851       20.678          7.44444E-04        67      No-Liquid     67  20.67802
   35.582       20.834          7.33333E-04        66      No-Liquid     66  20.83408
   36.398       20.994          7.22222E-04        65      No-Liquid     65  20.99373
   36.737       21.157          7.11111E-04        64      No-Liquid     64  21.15711
   36.814       21.324          7.00000E-04        63      No-Liquid     63  21.32436
   36.823       21.496          6.88889E-04        62      No-Liquid     62  21.49564
   38.461       21.671          6.77778E-04        61      No-Liquid     61  21.67112
   39.726       21.851          6.66667E-04        60      No-Liquid     60  21.85097
   43.273       22.035          6.55556E-04        59      No-Liquid     59  22.03537
   46.099       22.225          6.44444E-04        58      No-Liquid     58  22.22452
   47.705       22.419          6.33333E-04        57      No-Liquid     57  22.41862
   50.161       22.618          6.22222E-04        56      No-Liquid     56  22.61790
   51.756       22.823          6.11111E-04        55      No-Liquid     55  22.82259
   53.094       23.033          6.00000E-04        54      No-Liquid     54  23.03294
   54.056       23.249          5.88889E-04        53      No-Liquid     53  23.24922
   59.183       23.472          5.77778E-04        52      No-Liquid     52  23.47171
   59.711       23.937          5.55556E-04        50      No-Liquid     50  23.93654
   61.677       24.180          5.44444E-04        49      No-Liquid     49  24.17955
   62.659       24.430          5.33333E-04        48      No-Liquid     48  24.43013
   64.627       24.689          5.22222E-04        47      No-Liquid     47  24.68865
   65.133       24.956          5.11111E-04        46      No-Liquid     46  24.95556
   66.735       25.231          5.00000E-04        45      No-Liquid     45  25.23133
   67.253       25.516          4.88889E-04        44      No-Liquid     44  25.51643
   67.534       25.811          4.77778E-04        43      No-Liquid     43  25.81143
   70.122       26.117          4.66667E-04        42      No-Liquid     42  26.11690
   71.907       26.433          4.55556E-04        41      No-Liquid     41  26.43348
   75.941       26.762          4.44444E-04        40      No-Liquid     40  26.76186
   77.998       27.103          4.33333E-04        39      No-Liquid     39  27.10279
   78.954       27.457          4.22222E-04        38      No-Liquid     38  27.45709
   85.124       27.826          4.11111E-04        37      No-Liquid     37  27.82566
   86.398       28.209          4.00000E-04        36      No-Liquid     36  28.20948
   86.927       28.610          3.88889E-04        35      No-Liquid     35  28.60963
   87.055       29.027          3.77778E-04        34      No-Liquid     34  29.02731
   88.239       29.464          3.66667E-04        33      No-Liquid     33  29.46384
   93.397       29.921          3.55556E-04        32      No-Liquid     32  29.92067
   93.895       30.399          3.44444E-04        31      No-Liquid     31  30.39943
   95.967       30.902          3.33333E-04        30      No-Liquid     30  30.90194
   96.291       31.430          3.22222E-04        29      No-Liquid     29  31.43021
   103.68       31.987          3.11111E-04        28      No-Liquid     28  31.98654
   103.74       32.574          3.00000E-04        27      No-Liquid     27  32.57350
   115.86       33.194          2.88889E-04        26      No-Liquid     26  33.19400
   135.74       33.851          2.77778E-04        25      No-Liquid     25  33.85138
   145.06       34.549          2.66667E-04        24      No-Liquid     24  34.54941
   148.43       35.292          2.55556E-04        23      No-Liquid     23  35.29250
   148.87       36.086          2.44444E-04        22      No-Liquid     22  36.08569
   159.01       36.935          2.33333E-04        21      No-Liquid     21  36.93488
   159.62       37.847          2.22222E-04        20      No-Liquid     20  37.84699
   170.10       38.830          2.11111E-04        19      No-Liquid     19  38.83019
   177.34       39.894          2.00000E-04        18      No-Liquid     18  39.89423
   178.98       41.051          1.88889E-04        17      No-Liquid     17  41.05082
   219.30       42.314          1.77778E-04        16      No-Liquid     16  42.31422
   230.78       43.702          1.66667E-04        15      No-Liquid     15  43.70194
   242.22       45.236          1.55556E-04        14      No-Liquid     14  45.23580
   247.17       46.943          1.44444E-04        13      No-Liquid     13  46.94341
   248.43       48.860          1.33333E-04        12      No-Liquid     12  48.86025
   250.80       51.033          1.22222E-04        11      No-Liquid     11  51.03287
   256.72       53.524          1.11111E-04        10      No-Liquid     10  53.52372
   291.43       56.419          1.00000E-04         9      No-Liquid      9  56.41896
