1
2.152569E+14
1.912546e+002
1.174535e+001
6.016652e+000
1
2.509258E+14
2.147348e+000
8.011108e+001
3.471511e+002
1
2.455001E+14
2.296385e+002
1.623526e+002
2.301033e+002
1
2.136368E+14
2.176445e+002
6.527676e+001
3.200177e+002
1
2.154076E+14
2.628784e+002
9.772863e+001
3.307040e+002
1
2.676536E+14
2.804747e+002
3.056258e+001
2.284926e+001
1
2.359782E+14
2.711523e+002
1.032681e+002
1.751640e+002
1
2.354602E+14
2.374806e+002
1.118951e+002
3.025801e+002
1
2.477988E+14
2.305210e+002
1.293456e+002
2.298474e+002
1
2.251560E+14
5.944233e+001
6.888852e+001
2.770077e+002
1
2.422417E+14
1.245065e+002
1.374084e+002
2.231113e+002
1
2.275484E+14
2.532963e+002
6.318330e+001
3.343325e+002
1
2.480625E+14
2.531646e+002
5.306353e+001
1.983402e+002
1
2.327664E+14
2.823171e+001
9.191527e+001
2.140461e+002
1
2.158220E+14
2.616213e+001
1.687704e+002
1.250047e+002
1
2.491644E+14
1.483591e+002
1.219589e+002
3.430139e+002
1
2.293285E+14
3.470614e+002
1.072481e+001
9.708730e+001
1
2.230085E+14
2.974653e+002
3.130116e+001
2.573199e+002
1
2.362984E+14
1.745887e+002
1.014132e+002
1.582428e+002
1
2.483827E+14
3.252989e+002
1.029886e+002
1.549659e+002
1
2.099823E+14
1.261578e+002
1.250655e+002
5.137953e+001
1
2.424866E+14
2.111582e+002
7.570271e+001
1.599518e+002
1
2.752828E+14
2.097056e+002
7.269374e+001
1.991689e+002
1
2.561651E+14
2.067699e+000
3.845687e+001
2.280852e+002
1
2.451709E+14
2.131349e+002
6.720672e+001
3.118144e+002
